0 196 13
1 196 25
2 196 37
3 196 49
4 196 61
5 196 73
6 196 85
7 196 97
8 196 109
9 196 121
10 196 133
11 196 145
12 196 157
13 196 169
14 196 181
15 196 193
16 186 13
17 186 25
18 186 37
19 186 49
20 186 61
21 186 73
22 186 85
23 186 97
24 186 109
25 186 121
26 186 133
27 186 145
28 186 157
29 186 169
30 186 181
31 186 193
32 176 13
33 176 25
34 176 37
35 176 49
36 176 61
37 176 73
38 176 85
39 176 97
40 176 109
41 176 121
42 176 133
43 176 145
44 176 157
45 176 169
46 176 181
47 176 193
48 166 13
49 166 25
50 166 37
51 166 49
52 166 61
53 166 73
54 166 85
55 166 97
56 166 109
57 166 121
58 166 133
59 166 145
60 166 178
61 166 190
62 156 13
63 156 25
64 156 37
65 156 49
66 156 61
67 156 73
68 156 85
69 156 97
70 156 109
71 156 178
72 156 190
73 146 13
74 146 25
75 146 37
76 146 49
77 146 61
78 146 114
79 146 178
80 146 190
81 136 13
82 136 25
83 136 37
84 136 49
85 136 61
86 136 114
87 136 178
88 136 190
89 126 13
90 126 25
91 126 37
92 126 49
93 126 61
94 126 114
95 126 126
96 126 138
97 126 150
98 126 162
99 126 174
100 126 186
101 116 13
102 116 25
103 116 37
104 116 49
105 116 61
106 116 73
107 116 85
108 116 97
109 116 109
110 119 117
111 116 173
112 116 185
113 106 13
114 106 25
115 106 37
116 106 49
117 106 61
118 106 115
119 106 173
120 106 185
121 96 13
122 96 25
123 96 37
124 96 49
125 96 61
126 96 115
127 96 173
128 96 185
129 86 37
130 86 115
131 86 173
132 86 185
133 76 37
134 76 115
135 76 172
136 76 184
137 66 37
138 66 115
139 66 173
140 66 185
141 56 36
142 56 115
143 56 173
144 56 185
145 46 37
146 46 115
147 46 127
148 46 139
149 46 151
150 46 163
151 46 175
152 46 187
153 36 37
154 36 79
155 36 91
156 36 103
157 36 115
158 36 127
159 36 139
160 36 151
161 36 163
162 36 175
163 36 187
164 26 13
165 26 25
166 26 37
167 26 49
168 26 61
169 26 73
170 26 85
171 26 97
172 26 109
173 26 121
174 26 133
175 26 145
176 26 157
177 26 169
178 26 181
179 26 193
180 16 13
181 16 25
182 16 37
183 16 49
184 16 61
185 16 73
186 16 85
187 16 97
188 16 109
189 16 121
190 16 133
191 16 145
192 16 157
193 16 169
194 16 181
195 16 193
