0 14 13 1 14 25
0 14 13 16 24 13
0 14 13 17 24 25
1 14 25 2 14 37
1 14 25 16 24 13
1 14 25 17 24 25
1 14 25 18 24 37
2 14 37 3 14 49
2 14 37 17 24 25
2 14 37 18 24 37
2 14 37 19 24 49
3 14 49 4 14 61
3 14 49 18 24 37
3 14 49 19 24 49
3 14 49 20 24 61
4 14 61 5 14 73
4 14 61 19 24 49
4 14 61 20 24 61
4 14 61 21 24 73
5 14 73 6 14 85
5 14 73 20 24 61
5 14 73 21 24 73
5 14 73 22 24 85
6 14 85 7 14 97
6 14 85 21 24 73
6 14 85 22 24 85
6 14 85 23 24 97
7 14 97 8 14 109
7 14 97 22 24 85
7 14 97 23 24 97
7 14 97 24 24 109
8 14 109 9 14 121
8 14 109 23 24 97
8 14 109 24 24 109
8 14 109 25 24 121
9 14 121 10 14 133
9 14 121 24 24 109
9 14 121 25 24 121
9 14 121 26 24 133
10 14 133 11 14 145
10 14 133 25 24 121
10 14 133 26 24 133
10 14 133 27 24 145
11 14 145 12 14 157
11 14 145 26 24 133
11 14 145 27 24 145
11 14 145 28 24 157
12 14 157 13 14 169
12 14 157 27 24 145
12 14 157 28 24 157
12 14 157 29 24 169
13 14 169 14 14 181
13 14 169 28 24 157
13 14 169 29 24 169
13 14 169 30 24 181
14 14 181 15 14 193
14 14 181 29 24 169
14 14 181 30 24 181
14 14 181 31 24 193
15 14 193 30 24 181
15 14 193 31 24 193
16 24 13 17 24 25
16 24 13 32 34 13
16 24 13 33 34 25
17 24 25 18 24 37
17 24 25 32 34 13
17 24 25 33 34 25
17 24 25 34 34 37
18 24 37 19 24 49
18 24 37 33 34 25
18 24 37 34 34 37
18 24 37 35 34 49
19 24 49 20 24 61
19 24 49 34 34 37
19 24 49 35 34 49
19 24 49 36 34 61
20 24 61 21 24 73
20 24 61 35 34 49
20 24 61 36 34 61
20 24 61 37 34 73
21 24 73 22 24 85
21 24 73 36 34 61
21 24 73 37 34 73
21 24 73 38 34 85
22 24 85 23 24 97
22 24 85 37 34 73
22 24 85 38 34 85
22 24 85 39 34 97
23 24 97 24 24 109
23 24 97 38 34 85
23 24 97 39 34 97
23 24 97 40 34 109
24 24 109 25 24 121
24 24 109 39 34 97
24 24 109 40 34 109
24 24 109 41 34 121
25 24 121 26 24 133
25 24 121 40 34 109
25 24 121 41 34 121
25 24 121 42 34 133
26 24 133 27 24 145
26 24 133 41 34 121
26 24 133 42 34 133
26 24 133 43 34 145
27 24 145 28 24 157
27 24 145 42 34 133
27 24 145 43 34 145
27 24 145 44 34 157
28 24 157 29 24 169
28 24 157 43 34 145
28 24 157 44 34 157
28 24 157 45 34 169
29 24 169 30 24 181
29 24 169 44 34 157
29 24 169 45 34 169
29 24 169 46 34 181
30 24 181 31 24 193
30 24 181 45 34 169
30 24 181 46 34 181
30 24 181 47 34 193
31 24 193 46 34 181
31 24 193 47 34 193
32 34 13 33 34 25
32 34 13 48 44 13
32 34 13 49 44 25
33 34 25 34 34 37
33 34 25 48 44 13
33 34 25 49 44 25
33 34 25 50 44 37
34 34 37 35 34 49
34 34 37 49 44 25
34 34 37 50 44 37
34 34 37 51 44 49
35 34 49 36 34 61
35 34 49 50 44 37
35 34 49 51 44 49
35 34 49 52 44 61
36 34 61 37 34 73
36 34 61 51 44 49
36 34 61 52 44 61
36 34 61 53 44 73
37 34 73 38 34 85
37 34 73 52 44 61
37 34 73 53 44 73
37 34 73 54 44 85
38 34 85 39 34 97
38 34 85 53 44 73
38 34 85 54 44 85
38 34 85 55 44 97
39 34 97 40 34 109
39 34 97 54 44 85
39 34 97 55 44 97
39 34 97 56 44 109
40 34 109 41 34 121
40 34 109 55 44 97
40 34 109 56 44 109
40 34 109 57 44 121
41 34 121 42 34 133
41 34 121 56 44 109
41 34 121 57 44 121
41 34 121 58 44 133
42 34 133 43 34 145
42 34 133 57 44 121
42 34 133 58 44 133
42 34 133 59 44 145
43 34 145 44 34 157
43 34 145 58 44 133
43 34 145 59 44 145
44 34 157 45 34 169
44 34 157 59 44 145
45 34 169 46 34 181
45 34 169 60 44 178
46 34 181 47 34 193
46 34 181 60 44 178
46 34 181 61 44 190
47 34 193 61 44 190
48 44 13 49 44 25
48 44 13 62 54 13
48 44 13 63 54 25
49 44 25 50 44 37
49 44 25 62 54 13
49 44 25 63 54 25
49 44 25 64 54 37
50 44 37 51 44 49
50 44 37 63 54 25
50 44 37 64 54 37
50 44 37 65 54 49
51 44 49 52 44 61
51 44 49 64 54 37
51 44 49 65 54 49
51 44 49 66 54 61
52 44 61 53 44 73
52 44 61 65 54 49
52 44 61 66 54 61
52 44 61 67 54 73
53 44 73 54 44 85
53 44 73 66 54 61
53 44 73 67 54 73
53 44 73 68 54 85
54 44 85 55 44 97
54 44 85 67 54 73
54 44 85 68 54 85
54 44 85 69 54 97
55 44 97 56 44 109
55 44 97 68 54 85
55 44 97 69 54 97
55 44 97 70 54 109
56 44 109 57 44 121
56 44 109 69 54 97
56 44 109 70 54 109
57 44 121 58 44 133
57 44 121 70 54 109
58 44 133 59 44 145
60 44 178 71 54 178
61 44 190 72 54 190
62 54 13 63 54 25
62 54 13 73 64 13
62 54 13 74 64 25
63 54 25 64 54 37
63 54 25 73 64 13
63 54 25 74 64 25
63 54 25 75 64 37
64 54 37 65 54 49
64 54 37 74 64 25
64 54 37 75 64 37
64 54 37 76 64 49
65 54 49 66 54 61
65 54 49 75 64 37
65 54 49 76 64 49
65 54 49 77 64 61
66 54 61 67 54 73
66 54 61 76 64 49
66 54 61 77 64 61
67 54 73 68 54 85
67 54 73 77 64 61
68 54 85 69 54 97
69 54 97 70 54 109
70 54 109 78 64 114
71 54 178 79 64 178
72 54 190 80 64 190
73 64 13 74 64 25
73 64 13 81 74 13
73 64 13 82 74 25
74 64 25 75 64 37
74 64 25 81 74 13
74 64 25 82 74 25
74 64 25 83 74 37
75 64 37 76 64 49
75 64 37 82 74 25
75 64 37 83 74 37
75 64 37 84 74 49
76 64 49 77 64 61
76 64 49 83 74 37
76 64 49 84 74 49
76 64 49 85 74 61
77 64 61 84 74 49
77 64 61 85 74 61
78 64 114 86 74 114
79 64 178 87 74 178
80 64 190 88 74 190
81 74 13 82 74 25
81 74 13 89 84 13
81 74 13 90 84 25
82 74 25 83 74 37
82 74 25 89 84 13
82 74 25 90 84 25
82 74 25 91 84 37
83 74 37 84 74 49
83 74 37 90 84 25
83 74 37 91 84 37
83 74 37 92 84 49
84 74 49 85 74 61
84 74 49 91 84 37
84 74 49 92 84 49
84 74 49 93 84 61
85 74 61 92 84 49
85 74 61 93 84 61
86 74 114 94 84 114
87 74 178 99 84 174
88 74 190 100 84 186
89 84 13 90 84 25
89 84 13 101 94 13
89 84 13 102 94 25
90 84 25 91 84 37
90 84 25 101 94 13
90 84 25 102 94 25
90 84 25 103 94 37
91 84 37 92 84 49
91 84 37 102 94 25
91 84 37 103 94 37
91 84 37 104 94 49
92 84 49 93 84 61
92 84 49 103 94 37
92 84 49 104 94 49
92 84 49 105 94 61
93 84 61 104 94 49
93 84 61 105 94 61
93 84 61 106 94 73
94 84 114 110 91 117
95 84 126 96 84 138
95 84 126 110 91 117
96 84 138 97 84 150
97 84 150 98 84 162
98 84 162 99 84 174
99 84 174 100 84 186
99 84 174 111 94 173
100 84 186 112 94 185
101 94 13 102 94 25
101 94 13 113 104 13
101 94 13 114 104 25
102 94 25 103 94 37
102 94 25 113 104 13
102 94 25 114 104 25
102 94 25 115 104 37
103 94 37 104 94 49
103 94 37 114 104 25
103 94 37 115 104 37
103 94 37 116 104 49
104 94 49 105 94 61
104 94 49 115 104 37
104 94 49 116 104 49
104 94 49 117 104 61
105 94 61 106 94 73
105 94 61 116 104 49
105 94 61 117 104 61
106 94 73 107 94 85
106 94 73 117 104 61
107 94 85 108 94 97
108 94 97 109 94 109
109 94 109 110 91 117
110 91 117 118 104 115
111 94 173 119 104 173
112 94 185 120 104 185
113 104 13 114 104 25
113 104 13 121 114 13
113 104 13 122 114 25
114 104 25 115 104 37
114 104 25 121 114 13
114 104 25 122 114 25
114 104 25 123 114 37
115 104 37 116 104 49
115 104 37 122 114 25
115 104 37 123 114 37
115 104 37 124 114 49
116 104 49 117 104 61
116 104 49 123 114 37
116 104 49 124 114 49
116 104 49 125 114 61
117 104 61 124 114 49
117 104 61 125 114 61
118 104 115 126 114 115
119 104 173 127 114 173
120 104 185 128 114 185
121 114 13 122 114 25
122 114 25 123 114 37
122 114 25 129 124 37
123 114 37 124 114 49
123 114 37 129 124 37
124 114 49 125 114 61
126 114 115 130 124 115
127 114 173 131 124 173
128 114 185 132 124 185
129 124 37 133 134 37
130 124 115 134 134 115
131 124 173 135 134 172
132 124 185 136 134 184
133 134 37 137 144 37
134 134 115 138 144 115
135 134 172 139 144 173
136 134 184 140 144 185
137 144 37 141 154 36
138 144 115 142 154 115
139 144 173 143 154 173
140 144 185 144 154 185
141 154 36 145 164 37
142 154 115 146 164 115
143 154 173 151 164 175
144 154 185 152 164 187
145 164 37 153 174 37
146 164 115 147 164 127
146 164 115 156 174 103
146 164 115 157 174 115
146 164 115 158 174 127
147 164 127 148 164 139
147 164 127 157 174 115
147 164 127 158 174 127
147 164 127 159 174 139
148 164 139 149 164 151
148 164 139 158 174 127
148 164 139 159 174 139
148 164 139 160 174 151
149 164 151 150 164 163
149 164 151 159 174 139
149 164 151 160 174 151
149 164 151 161 174 163
150 164 163 151 164 175
150 164 163 160 174 151
150 164 163 161 174 163
150 164 163 162 174 175
151 164 175 152 164 187
151 164 175 161 174 163
151 164 175 162 174 175
151 164 175 163 174 187
152 164 187 162 174 175
152 164 187 163 174 187
153 174 37 165 184 25
153 174 37 166 184 37
153 174 37 167 184 49
154 174 79 155 174 91
154 174 79 169 184 73
154 174 79 170 184 85
155 174 91 156 174 103
155 174 91 170 184 85
155 174 91 171 184 97
156 174 103 157 174 115
156 174 103 171 184 97
156 174 103 172 184 109
157 174 115 158 174 127
157 174 115 172 184 109
157 174 115 173 184 121
158 174 127 159 174 139
158 174 127 173 184 121
158 174 127 174 184 133
159 174 139 160 174 151
159 174 139 174 184 133
159 174 139 175 184 145
160 174 151 161 174 163
160 174 151 175 184 145
160 174 151 176 184 157
161 174 163 162 174 175
161 174 163 176 184 157
161 174 163 177 184 169
162 174 175 163 174 187
162 174 175 177 184 169
162 174 175 178 184 181
163 174 187 178 184 181
163 174 187 179 184 193
164 184 13 165 184 25
164 184 13 180 194 13
164 184 13 181 194 25
165 184 25 166 184 37
165 184 25 180 194 13
165 184 25 181 194 25
165 184 25 182 194 37
166 184 37 167 184 49
166 184 37 181 194 25
166 184 37 182 194 37
166 184 37 183 194 49
167 184 49 168 184 61
167 184 49 182 194 37
167 184 49 183 194 49
167 184 49 184 194 61
168 184 61 169 184 73
168 184 61 183 194 49
168 184 61 184 194 61
168 184 61 185 194 73
169 184 73 170 184 85
169 184 73 184 194 61
169 184 73 185 194 73
169 184 73 186 194 85
170 184 85 171 184 97
170 184 85 185 194 73
170 184 85 186 194 85
170 184 85 187 194 97
171 184 97 172 184 109
171 184 97 186 194 85
171 184 97 187 194 97
171 184 97 188 194 109
172 184 109 173 184 121
172 184 109 187 194 97
172 184 109 188 194 109
172 184 109 189 194 121
173 184 121 174 184 133
173 184 121 188 194 109
173 184 121 189 194 121
173 184 121 190 194 133
174 184 133 175 184 145
174 184 133 189 194 121
174 184 133 190 194 133
174 184 133 191 194 145
175 184 145 176 184 157
175 184 145 190 194 133
175 184 145 191 194 145
175 184 145 192 194 157
176 184 157 177 184 169
176 184 157 191 194 145
176 184 157 192 194 157
176 184 157 193 194 169
177 184 169 178 184 181
177 184 169 192 194 157
177 184 169 193 194 169
177 184 169 194 194 181
178 184 181 179 184 193
178 184 181 193 194 169
178 184 181 194 194 181
178 184 181 195 194 193
178 184 181 195 194 193
179 184 193 194 194 181
179 184 193 195 194 193
179 184 193 195 194 193
180 194 13 181 194 25
181 194 25 182 194 37
182 194 37 183 194 49
183 194 49 184 194 61
184 194 61 185 194 73
185 194 73 186 194 85
186 194 85 187 194 97
187 194 97 188 194 109
188 194 109 189 194 121
189 194 121 190 194 133
190 194 133 191 194 145
191 194 145 192 194 157
192 194 157 193 194 169
193 194 169 194 194 181
194 194 181 195 194 193